===== HOURLY SIMULATION RESULTS =====

    load  solar_available  solar_used  battery_charge  battery_discharge  curtailed_solar         grid       soc
1.124540         0.000000    0.000000        0.000000           1.124540         0.000000 0.000000e+00 43.752557
1.088579         0.017424    0.017424        0.000000           1.071155         0.000000 0.000000e+00 37.801693
1.049758         0.241776    0.241776        0.000000           0.807982         0.000000 0.000000e+00 33.312906
0.988667         0.671400    0.671400        0.000000           0.317267         0.000000 0.000000e+00 31.550311
0.884314         1.062864    0.884314        0.160695           0.000000         0.017855 0.000000e+00 32.353785
0.798486         1.457280    0.798486        0.592914           0.000000         0.065879 0.000000e+00 35.318356
0.649415         1.330200    0.649415        0.612706           0.000000         0.068078 0.000000e+00 38.381888
0.652374         1.183104    0.652374        0.477657           0.000000         0.053073 0.000000e+00 40.770171
0.700926         1.636920    0.700926        0.842395           0.000000         0.093599 0.000000e+00 44.982144
0.722711         1.219680    0.722711        0.447272           0.000000         0.049697 0.000000e+00 47.218506
0.787884         0.641016    0.641016        0.000000           0.146868         0.000000 0.000000e+00 46.402572
0.877796         0.128160    0.128160        0.000000           0.749636         0.000000 0.000000e+00 42.237927
0.798295         0.000000    0.000000        0.000000           0.798295         0.000000 0.000000e+00 37.802953
0.778239         0.000000    0.000000        0.000000           0.778239         0.000000 0.000000e+00 33.479404
0.908892         0.000000    0.000000        0.000000           0.908892         0.000000 0.000000e+00 28.430006
0.946496         0.000000    0.000000        0.000000           0.946496         0.000000 0.000000e+00 23.171696
0.864532         0.000000    0.000000        0.000000           0.570905         0.000000 2.936269e-01 20.000000
0.823050         0.000000    0.000000        0.000000           0.000000         0.000000 8.230502e-01 20.000000
0.783049         0.000000    0.000000        0.000000           0.000000         0.000000 7.830492e-01 20.000000
0.819288         0.000000    0.000000        0.000000           0.000000         0.000000 8.192881e-01 20.000000
0.886919         0.000000    0.000000        0.000000           0.000000         0.000000 8.869188e-01 20.000000
0.946299         0.000000    0.000000        0.000000           0.000000         0.000000 9.462991e-01 20.000000
1.035546         0.000000    0.000000        0.000000           0.000000         0.000000 1.035546e+00 20.000000
1.184320         0.000000    0.000000        0.000000           0.000000         0.000000 1.184320e+00 20.000000
0.769267         0.000000    0.000000        0.000000           0.000000         0.000000 7.692669e-01 20.000000
0.720384         0.013176    0.013176        0.000000           0.000000         0.000000 7.072078e-01 20.000000
0.677293         0.183240    0.183240        0.000000           0.000000         0.000000 4.940532e-01 20.000000
0.627193         0.422280    0.422280        0.000000           0.000000         0.000000 2.049133e-01 20.000000
0.580845         0.634896    0.580845        0.048646           0.000000         0.005405 0.000000e+00 20.243228
0.533226         0.803880    0.533226        0.243589           0.000000         0.027065 0.000000e+00 21.461171
0.441815         0.560016    0.441815        0.106381           0.000000         0.011820 0.000000e+00 21.993075
0.467631         0.760320    0.467631        0.263420           0.000000         0.029269 0.000000e+00 23.310177
0.601725         0.734616    0.601725        0.119602           0.000000         0.013289 0.000000e+00 23.908185
0.603615         0.558720    0.558720        0.000000           0.044895         0.000000 0.000000e+00 23.658769
0.621866         0.337824    0.337824        0.000000           0.284042         0.000000 0.000000e+00 22.080758
0.611495         0.067680    0.067680        0.000000           0.374537         0.000000 1.692783e-01 20.000000
0.570608         0.000000    0.000000        0.000000           0.000000         0.000000 5.706080e-01 20.000000
0.649796         0.000000    0.000000        0.000000           0.000000         0.000000 6.497956e-01 20.000000
0.680449         0.000000    0.000000        0.000000           0.000000         0.000000 6.804490e-01 20.000000
0.607406         0.000000    0.000000        0.000000           0.000000         0.000000 6.074057e-01 20.000000
0.586340         0.000000    0.000000        0.000000           0.000000         0.000000 5.863398e-01 20.000000
0.556011         0.000000    0.000000        0.000000           0.000000         0.000000 5.560113e-01 20.000000
0.577330         0.000000    0.000000        0.000000           0.000000         0.000000 5.773299e-01 20.000000
0.637190         0.000000    0.000000        0.000000           0.000000         0.000000 6.371900e-01 20.000000
0.707844         0.000000    0.000000        0.000000           0.000000         0.000000 7.078437e-01 20.000000
0.702983         0.000000    0.000000        0.000000           0.000000         0.000000 7.029831e-01 20.000000
0.732801         0.000000    0.000000        0.000000           0.000000         0.000000 7.328008e-01 20.000000
0.798780         0.000000    0.000000        0.000000           0.000000         0.000000 7.987797e-01 20.000000
0.932168         0.000000    0.000000        0.000000           0.000000         0.000000 9.321676e-01 20.000000
0.898561         0.013176    0.013176        0.000000           0.000000         0.000000 8.853845e-01 20.000000
0.853504         0.220464    0.220464        0.000000           0.000000         0.000000 6.330398e-01 20.000000
0.803157         0.496584    0.496584        0.000000           0.000000         0.000000 3.065726e-01 20.000000
0.747802         0.860760    0.747802        0.101662           0.000000         0.011296 0.000000e+00 20.508312
0.651295         1.213704    0.651295        0.506168           0.000000         0.056241 0.000000e+00 23.039151
0.505325         0.932544    0.505325        0.384497           0.000000         0.042722 0.000000e+00 24.961636
0.542061         1.302840    0.542061        0.684701           0.000000         0.076078 0.000000e+00 28.385144
0.681078         1.175904    0.681078        0.445344           0.000000         0.049483 0.000000e+00 30.611863
0.681548         0.901296    0.681548        0.197773           0.000000         0.021975 0.000000e+00 31.600727
0.698067         0.486000    0.486000        0.000000           0.212067         0.000000 0.000000e+00 30.422580
0.752757         0.107136    0.107136        0.000000           0.645621         0.000000 0.000000e+00 26.835796
0.729596         0.000000    0.000000        0.000000           0.729596         0.000000 0.000000e+00 22.782486
0.744875         0.000000    0.000000        0.000000           0.500847         0.000000 2.440270e-01 20.000000
0.784272         0.000000    0.000000        0.000000           0.000000         0.000000 7.842719e-01 20.000000
0.818178         0.000000    0.000000        0.000000           0.000000         0.000000 8.181777e-01 20.000000
0.786928         0.000000    0.000000        0.000000           0.000000         0.000000 7.869283e-01 20.000000
0.721321         0.000000    0.000000        0.000000           0.000000         0.000000 7.213211e-01 20.000000
0.653051         0.000000    0.000000        0.000000           0.000000         0.000000 6.530509e-01 20.000000
0.706071         0.000000    0.000000        0.000000           0.000000         0.000000 7.060713e-01 20.000000
0.799053         0.000000    0.000000        0.000000           0.000000         0.000000 7.990531e-01 20.000000
0.820883         0.000000    0.000000        0.000000           0.000000         0.000000 8.208830e-01 20.000000
0.858706         0.000000    0.000000        0.000000           0.000000         0.000000 8.587056e-01 20.000000
0.948738         0.000000    0.000000        0.000000           0.000000         0.000000 9.487379e-01 20.000000
1.124540         0.000000    0.000000        0.000000           0.000000         0.000000 1.124540e+00 20.000000
1.088579         0.012960    0.012960        0.000000           0.000000         0.000000 1.075619e+00 20.000000
1.049758         0.215136    0.215136        0.000000           0.000000         0.000000 8.346218e-01 20.000000
0.988667         0.514584    0.514584        0.000000           0.000000         0.000000 4.740830e-01 20.000000
0.884314         0.785160    0.785160        0.000000           0.000000         0.000000 9.915427e-02 20.000000
0.798486         1.005264    0.798486        0.186100           0.000000         0.020678 0.000000e+00 20.930499
0.649415         1.079280    0.649415        0.386878           0.000000         0.042986 0.000000e+00 22.864892
0.652374         1.354104    0.652374        0.631557           0.000000         0.070173 0.000000e+00 26.022674
0.700926         1.339704    0.700926        0.574900           0.000000         0.063878 0.000000e+00 28.897175
0.722711         1.072656    0.722711        0.314951           0.000000         0.034995 0.000000e+00 30.471930
0.787884         0.580104    0.580104        0.000000           0.207780         0.000000 0.000000e+00 29.317596
0.877796         0.129240    0.129240        0.000000           0.748556         0.000000 0.000000e+00 25.158950
0.798295         0.000000    0.000000        0.000000           0.798295         0.000000 0.000000e+00 20.723976
0.778239         0.000000    0.000000        0.000000           0.130316         0.000000 6.479231e-01 20.000000
0.908892         0.000000    0.000000        0.000000           0.000000         0.000000 9.088917e-01 20.000000
0.946496         0.000000    0.000000        0.000000           0.000000         0.000000 9.464957e-01 20.000000
0.864532         0.000000    0.000000        0.000000           0.000000         0.000000 8.645322e-01 20.000000
0.823050         0.000000    0.000000        0.000000           0.000000         0.000000 8.230502e-01 20.000000
0.783049         0.000000    0.000000        0.000000           0.000000         0.000000 7.830492e-01 20.000000
0.819288         0.000000    0.000000        0.000000           0.000000         0.000000 8.192881e-01 20.000000
0.886919         0.000000    0.000000        0.000000           0.000000         0.000000 8.869188e-01 20.000000
0.946299         0.000000    0.000000        0.000000           0.000000         0.000000 9.462991e-01 20.000000
1.035546         0.000000    0.000000        0.000000           0.000000         0.000000 1.035546e+00 20.000000
1.184320         0.000000    0.000000        0.000000           0.000000         0.000000 1.184320e+00 20.000000
1.124540         0.000000    0.000000        0.000000           0.000000         0.000000 1.124540e+00 20.000000
1.088579         0.019440    0.019440        0.000000           0.000000         0.000000 1.069139e+00 20.000000
1.049758         0.328176    0.328176        0.000000           0.000000         0.000000 7.215818e-01 20.000000
0.988667         0.835704    0.835704        0.000000           0.000000         0.000000 1.529630e-01 20.000000
0.884314         1.333800    0.884314        0.404537           0.000000         0.044949 0.000000e+00 22.022686
0.798486         1.699920    0.798486        0.811290           0.000000         0.090143 0.000000e+00 26.079137
0.649415         1.592496    0.649415        0.848773           0.000000         0.094308 0.000000e+00 30.323001
0.652374         1.991376    0.652374        1.205101           0.000000         0.133900 0.000000e+00 36.348508
0.700926         1.893744    0.700926        1.073536           0.000000         0.119282 0.000000e+00 41.716189
0.722711         1.330560    0.722711        0.547064           0.000000         0.060785 0.000000e+00 44.451512
0.787884         0.718704    0.718704        0.000000           0.069180         0.000000 0.000000e+00 44.067177
0.877796         0.167760    0.167760        0.000000           0.710036         0.000000 0.000000e+00 40.122532
0.798295         0.000000    0.000000        0.000000           0.798295         0.000000 0.000000e+00 35.687558
0.778239         0.000000    0.000000        0.000000           0.778239         0.000000 0.000000e+00 31.364009
0.908892         0.000000    0.000000        0.000000           0.908892         0.000000 0.000000e+00 26.314611
0.946496         0.000000    0.000000        0.000000           0.946496         0.000000 0.000000e+00 21.056301
0.864532         0.000000    0.000000        0.000000           0.190134         0.000000 6.743980e-01 20.000000
0.823050         0.000000    0.000000        0.000000           0.000000         0.000000 8.230502e-01 20.000000
0.783049         0.000000    0.000000        0.000000           0.000000         0.000000 7.830492e-01 20.000000
0.819288         0.000000    0.000000        0.000000           0.000000         0.000000 8.192881e-01 20.000000
0.886919         0.000000    0.000000        0.000000           0.000000         0.000000 8.869188e-01 20.000000
0.946299         0.000000    0.000000        0.000000           0.000000         0.000000 9.462991e-01 20.000000
1.035546         0.000000    0.000000        0.000000           0.000000         0.000000 1.035546e+00 20.000000
1.184320         0.000000    0.000000        0.000000           0.000000         0.000000 1.184320e+00 20.000000
0.932168         0.000000    0.000000        0.000000           0.000000         0.000000 9.321676e-01 20.000000
0.898561         0.017424    0.017424        0.000000           0.000000         0.000000 8.811365e-01 20.000000
0.853504         0.241776    0.241776        0.000000           0.000000         0.000000 6.117278e-01 20.000000
0.803157         0.671400    0.671400        0.000000           0.000000         0.000000 1.317566e-01 20.000000
0.747802         1.062864    0.747802        0.283556           0.000000         0.031506 0.000000e+00 21.417780
0.651295         1.457280    0.651295        0.725386           0.000000         0.080598 0.000000e+00 25.044711
0.505325         1.330200    0.505325        0.742387           0.000000         0.082487 0.000000e+00 28.756648
0.542061         1.183104    0.542061        0.576939           0.000000         0.064104 0.000000e+00 31.641344
0.681078         1.636920    0.681078        0.860258           0.000000         0.095584 0.000000e+00 35.942635
0.681548         1.219680    0.681548        0.484318           0.000000         0.053813 0.000000e+00 38.364227
0.698067         0.641016    0.641016        0.000000           0.057051         0.000000 0.000000e+00 38.047280
0.752757         0.128160    0.128160        0.000000           0.624597         0.000000 0.000000e+00 34.577296
0.729596         0.000000    0.000000        0.000000           0.729596         0.000000 0.000000e+00 30.523986
0.744875         0.000000    0.000000        0.000000           0.744875         0.000000 0.000000e+00 26.385794
0.784272         0.000000    0.000000        0.000000           0.784272         0.000000 0.000000e+00 22.028728
0.818178         0.000000    0.000000        0.000000           0.365171         0.000000 4.530066e-01 20.000000
0.786928         0.000000    0.000000        0.000000           0.000000         0.000000 7.869283e-01 20.000000
0.721321         0.000000    0.000000        0.000000           0.000000         0.000000 7.213211e-01 20.000000
0.653051         0.000000    0.000000        0.000000           0.000000         0.000000 6.530509e-01 20.000000
0.706071         0.000000    0.000000        0.000000           0.000000         0.000000 7.060713e-01 20.000000
0.799053         0.000000    0.000000        0.000000           0.000000         0.000000 7.990531e-01 20.000000
0.820883         0.000000    0.000000        0.000000           0.000000         0.000000 8.208830e-01 20.000000
0.858706         0.000000    0.000000        0.000000           0.000000         0.000000 8.587056e-01 20.000000
0.948738         0.000000    0.000000        0.000000           0.000000         0.000000 9.487379e-01 20.000000
1.124540         0.000000    0.000000        0.000000           0.000000         0.000000 1.124540e+00 20.000000
1.088579         0.013176    0.013176        0.000000           0.000000         0.000000 1.075403e+00 20.000000
1.049758         0.183240    0.183240        0.000000           0.000000         0.000000 8.665178e-01 20.000000
0.988667         0.422280    0.422280        0.000000           0.000000         0.000000 5.663870e-01 20.000000
0.884314         0.634896    0.634896        0.000000           0.000000         0.000000 2.494183e-01 20.000000
0.798486         0.803880    0.798486        0.004854           0.000000         0.000539 0.000000e+00 20.024271
0.649415         0.560016    0.560016        0.000000           0.004369         0.000000 8.503023e-02 20.000000
0.652374         0.760320    0.652374        0.097151           0.000000         0.010795 0.000000e+00 20.485755
0.700926         0.734616    0.700926        0.030321           0.000000         0.003369 0.000000e+00 20.637360
0.722711         0.558720    0.558720        0.000000           0.114725         0.000000 4.926581e-02 20.000000
0.787884         0.337824    0.337824        0.000000           0.000000         0.000000 4.500601e-01 20.000000
0.877796         0.067680    0.067680        0.000000           0.000000         0.000000 8.101162e-01 20.000000
0.798295         0.000000    0.000000        0.000000           0.000000         0.000000 7.982953e-01 20.000000
0.778239         0.000000    0.000000        0.000000           0.000000         0.000000 7.782388e-01 20.000000
0.908892         0.000000    0.000000        0.000000           0.000000         0.000000 9.088917e-01 20.000000
0.946496         0.000000    0.000000        0.000000           0.000000         0.000000 9.464957e-01 20.000000
0.864532         0.000000    0.000000        0.000000           0.000000         0.000000 8.645322e-01 20.000000
0.823050         0.000000    0.000000        0.000000           0.000000         0.000000 8.230502e-01 20.000000
0.783049         0.000000    0.000000        0.000000           0.000000         0.000000 7.830492e-01 20.000000
0.819288         0.000000    0.000000        0.000000           0.000000         0.000000 8.192881e-01 20.000000
0.886919         0.000000    0.000000        0.000000           0.000000         0.000000 8.869188e-01 20.000000
0.946299         0.000000    0.000000        0.000000           0.000000         0.000000 9.462991e-01 20.000000
1.035546         0.000000    0.000000        0.000000           0.000000         0.000000 1.035546e+00 20.000000
1.184320         0.000000    0.000000        0.000000           0.000000         0.000000 1.184320e+00 20.000000
1.124540         0.000000    0.000000        0.000000           0.000000         0.000000 1.124540e+00 20.000000
1.088579         0.013176    0.013176        0.000000           0.000000         0.000000 1.075403e+00 20.000000
1.049758         0.220464    0.220464        0.000000           0.000000         0.000000 8.292938e-01 20.000000
0.988667         0.496584    0.496584        0.000000           0.000000         0.000000 4.920830e-01 20.000000
0.884314         0.860760    0.860760        0.000000           0.000000         0.000000 2.355427e-02 20.000000
0.798486         1.213704    0.798486        0.373696           0.000000         0.041522 0.000000e+00 21.868479
0.649415         0.932544    0.649415        0.254816           0.000000         0.028313 0.000000e+00 23.142560
0.652374         1.302840    0.652374        0.585419           0.000000         0.065047 0.000000e+00 26.069654
0.700926         1.175904    0.700926        0.427480           0.000000         0.047498 0.000000e+00 28.207055
0.722711         0.901296    0.722711        0.160727           0.000000         0.017859 0.000000e+00 29.010690
0.787884         0.486000    0.486000        0.000000           0.301884         0.000000 0.000000e+00 27.333556
0.877796         0.107136    0.107136        0.000000           0.770660         0.000000 0.000000e+00 23.052110
0.798295         0.000000    0.000000        0.000000           0.549380         0.000000 2.489155e-01 20.000000
0.778239         0.000000    0.000000        0.000000           0.000000         0.000000 7.782388e-01 20.000000
0.908892         0.000000    0.000000        0.000000           0.000000         0.000000 9.088917e-01 20.000000
0.946496         0.000000    0.000000        0.000000           0.000000         0.000000 9.464957e-01 20.000000
0.864532         0.000000    0.000000        0.000000           0.000000         0.000000 8.645322e-01 20.000000
0.823050         0.000000    0.000000        0.000000           0.000000         0.000000 8.230502e-01 20.000000
0.783049         0.000000    0.000000        0.000000           0.000000         0.000000 7.830492e-01 20.000000
0.819288         0.000000    0.000000        0.000000           0.000000         0.000000 8.192881e-01 20.000000
0.886919         0.000000    0.000000        0.000000           0.000000         0.000000 8.869188e-01 20.000000
0.946299         0.000000    0.000000        0.000000           0.000000         0.000000 9.462991e-01 20.000000
1.035546         0.000000    0.000000        0.000000           0.000000         0.000000 1.035546e+00 20.000000
1.184320         0.000000    0.000000        0.000000           0.000000         0.000000 1.184320e+00 20.000000
0.769267         0.000000    0.000000        0.000000           0.000000         0.000000 7.692669e-01 20.000000
0.720384         0.012960    0.012960        0.000000           0.000000         0.000000 7.074238e-01 20.000000
0.677293         0.215136    0.215136        0.000000           0.000000         0.000000 4.621572e-01 20.000000
0.627193         0.514584    0.514584        0.000000           0.000000         0.000000 1.126093e-01 20.000000
0.580845         0.785160    0.580845        0.183883           0.000000         0.020431 0.000000e+00 20.919416
0.533226         1.005264    0.533226        0.424834           0.000000         0.047204 0.000000e+00 23.043587
0.441815         1.079280    0.441815        0.573718           0.000000         0.063746 0.000000e+00 25.912179
0.467631         1.354104    0.467631        0.797826           0.000000         0.088647 0.000000e+00 29.901309
0.601725         1.339704    0.601725        0.664181           0.000000         0.073798 0.000000e+00 33.222213
0.603615         1.072656    0.603615        0.422137           0.000000         0.046904 0.000000e+00 35.332898
0.621866         0.580104    0.580104        0.000000           0.041762         0.000000 0.000000e+00 35.100887
0.611495         0.129240    0.129240        0.000000           0.482255         0.000000 0.000000e+00 32.421694
0.570608         0.000000    0.000000        0.000000           0.570608         0.000000 0.000000e+00 29.251650
0.649796         0.000000    0.000000        0.000000           0.649796         0.000000 0.000000e+00 25.641675
0.680449         0.000000    0.000000        0.000000           0.680449         0.000000 0.000000e+00 21.861402
0.607406         0.000000    0.000000        0.000000           0.335052         0.000000 2.723533e-01 20.000000
0.586340         0.000000    0.000000        0.000000           0.000000         0.000000 5.863398e-01 20.000000
0.556011         0.000000    0.000000        0.000000           0.000000         0.000000 5.560113e-01 20.000000
0.577330         0.000000    0.000000        0.000000           0.000000         0.000000 5.773299e-01 20.000000
0.637190         0.000000    0.000000        0.000000           0.000000         0.000000 6.371900e-01 20.000000
0.707844         0.000000    0.000000        0.000000           0.000000         0.000000 7.078437e-01 20.000000
0.702983         0.000000    0.000000        0.000000           0.000000         0.000000 7.029831e-01 20.000000
0.732801         0.000000    0.000000        0.000000           0.000000         0.000000 7.328008e-01 20.000000
0.798780         0.000000    0.000000        0.000000           0.000000         0.000000 7.987797e-01 20.000000
0.436076         0.000000    0.000000        0.000000           0.000000         0.000000 4.360756e-01 20.000000
0.407662         0.019440    0.019440        0.000000           0.000000         0.000000 3.882215e-01 20.000000
0.391351         0.328176    0.328176        0.000000           0.000000         0.000000 6.317512e-02 20.000000
0.381778         0.835704    0.381778        0.408534           0.000000         0.045393 0.000000e+00 22.042669
0.378656         1.333800    0.378656        0.859630           0.000000         0.095514 0.000000e+00 26.340819
0.390061         1.699920    0.390061        1.178873           0.000000         0.130986 0.000000e+00 32.235186
0.353414         1.592496    0.353414        1.115174           0.000000         0.123908 0.000000e+00 37.811054
0.449252         1.991376    0.449252        1.387911           0.000000         0.154212 0.000000e+00 44.750612
0.614493         1.893744    0.614493        1.151326           0.000000         0.127925 0.000000e+00 50.507243
0.616782         1.330560    0.616782        0.642400           0.000000         0.071378 0.000000e+00 53.719244
0.523225         0.718704    0.523225        0.175931           0.000000         0.019548 0.000000e+00 54.598898
0.445769         0.167760    0.167760        0.000000           0.278009         0.000000 0.000000e+00 53.054403
0.448782         0.000000    0.000000        0.000000           0.448782         0.000000 0.000000e+00 50.561168
0.489251         0.000000    0.000000        0.000000           0.489251         0.000000 5.551115e-17 47.843107
0.496941         0.000000    0.000000        0.000000           0.496941         0.000000 0.000000e+00 45.082326
0.377353         0.000000    0.000000        0.000000           0.377353         0.000000 0.000000e+00 42.985922
0.366535         0.000000    0.000000        0.000000           0.366535         0.000000 0.000000e+00 40.949618
0.378912         0.000000    0.000000        0.000000           0.378912         0.000000 0.000000e+00 38.844553
0.433015         0.000000    0.000000        0.000000           0.433015         0.000000 0.000000e+00 36.438912
0.519368         0.000000    0.000000        0.000000           0.519368         0.000000 0.000000e+00 33.553531
0.540649         0.000000    0.000000        0.000000           0.540649         0.000000 0.000000e+00 30.549926
0.541760         0.000000    0.000000        0.000000           0.541760         0.000000 0.000000e+00 27.540150
0.502192         0.000000    0.000000        0.000000           0.502192         0.000000 0.000000e+00 24.750193
0.472378         0.000000    0.000000        0.000000           0.472378         0.000000 0.000000e+00 22.125874
0.436076         0.000000    0.000000        0.000000           0.382657         0.000000 5.341835e-02 20.000000
0.407662         0.017424    0.017424        0.000000           0.000000         0.000000 3.902375e-01 20.000000
0.391351         0.241776    0.241776        0.000000           0.000000         0.000000 1.495751e-01 20.000000
0.381778         0.671400    0.381778        0.260660           0.000000         0.028962 0.000000e+00 21.303301
0.378656         1.062864    0.378656        0.615788           0.000000         0.068421 0.000000e+00 24.382239
0.390061         1.457280    0.390061        0.960497           0.000000         0.106722 0.000000e+00 29.184726
0.353414         1.330200    0.353414        0.879107           0.000000         0.097679 0.000000e+00 33.580262
0.449252         1.183104    0.449252        0.660467           0.000000         0.073385 0.000000e+00 36.882596
0.614493         1.636920    0.614493        0.920185           0.000000         0.102243 0.000000e+00 41.483519
0.616782         1.219680    0.616782        0.542608           0.000000         0.060290 0.000000e+00 44.196560
0.523225         0.641016    0.523225        0.106012           0.000000         0.011779 0.000000e+00 44.726618
0.445769         0.128160    0.128160        0.000000           0.317609         0.000000 0.000000e+00 42.962123
0.448782         0.000000    0.000000        0.000000           0.448782         0.000000 0.000000e+00 40.468888
0.489251         0.000000    0.000000        0.000000           0.489251         0.000000 5.551115e-17 37.750827
0.496941         0.000000    0.000000        0.000000           0.496941         0.000000 0.000000e+00 34.990046
0.377353         0.000000    0.000000        0.000000           0.377353         0.000000 0.000000e+00 32.893642
0.366535         0.000000    0.000000        0.000000           0.366535         0.000000 0.000000e+00 30.857338
0.378912         0.000000    0.000000        0.000000           0.378912         0.000000 0.000000e+00 28.752273
0.433015         0.000000    0.000000        0.000000           0.433015         0.000000 0.000000e+00 26.346632
0.519368         0.000000    0.000000        0.000000           0.519368         0.000000 0.000000e+00 23.461251
0.540649         0.000000    0.000000        0.000000           0.540649         0.000000 0.000000e+00 20.457646
0.541760         0.000000    0.000000        0.000000           0.082376         0.000000 4.593834e-01 20.000000
0.502192         0.000000    0.000000        0.000000           0.000000         0.000000 5.021921e-01 20.000000
0.472378         0.000000    0.000000        0.000000           0.000000         0.000000 4.723776e-01 20.000000
0.436076         0.000000    0.000000        0.000000           0.000000         0.000000 4.360756e-01 20.000000
0.407662         0.013176    0.013176        0.000000           0.000000         0.000000 3.944855e-01 20.000000
0.391351         0.183240    0.183240        0.000000           0.000000         0.000000 2.081111e-01 20.000000
0.381778         0.422280    0.381778        0.036452           0.000000         0.004050 0.000000e+00 20.182261
0.378656         0.634896    0.378656        0.230616           0.000000         0.025624 0.000000e+00 21.335343
0.390061         0.803880    0.390061        0.372437           0.000000         0.041382 0.000000e+00 23.197530
0.353414         0.560016    0.353414        0.185942           0.000000         0.020660 0.000000e+00 24.127238
0.449252         0.760320    0.449252        0.279961           0.000000         0.031107 0.000000e+00 25.527044
0.614493         0.734616    0.614493        0.108111           0.000000         0.012012 0.000000e+00 26.067599
0.616782         0.558720    0.558720        0.000000           0.058062         0.000000 0.000000e+00 25.745032
0.523225         0.337824    0.337824        0.000000           0.185401         0.000000 0.000000e+00 24.715025
0.445769         0.067680    0.067680        0.000000           0.378089         0.000000 0.000000e+00 22.614530
0.448782         0.000000    0.000000        0.000000           0.448782         0.000000 0.000000e+00 20.121295
0.489251         0.000000    0.000000        0.000000           0.021833         0.000000 4.674178e-01 20.000000
0.496941         0.000000    0.000000        0.000000           0.000000         0.000000 4.969407e-01 20.000000
0.377353         0.000000    0.000000        0.000000           0.000000         0.000000 3.773526e-01 20.000000
0.366535         0.000000    0.000000        0.000000           0.000000         0.000000 3.665348e-01 20.000000
0.378912         0.000000    0.000000        0.000000           0.000000         0.000000 3.789117e-01 20.000000
0.433015         0.000000    0.000000        0.000000           0.000000         0.000000 4.330154e-01 20.000000
0.519368         0.000000    0.000000        0.000000           0.000000         0.000000 5.193685e-01 20.000000
0.540649         0.000000    0.000000        0.000000           0.000000         0.000000 5.406489e-01 20.000000
0.541760         0.000000    0.000000        0.000000           0.000000         0.000000 5.417598e-01 20.000000
0.502192         0.000000    0.000000        0.000000           0.000000         0.000000 5.021921e-01 20.000000
0.472378         0.000000    0.000000        0.000000           0.000000         0.000000 4.723776e-01 20.000000
0.436076         0.000000    0.000000        0.000000           0.000000         0.000000 4.360756e-01 20.000000
0.407662         0.013176    0.013176        0.000000           0.000000         0.000000 3.944855e-01 20.000000
0.391351         0.220464    0.220464        0.000000           0.000000         0.000000 1.708871e-01 20.000000
0.381778         0.496584    0.381778        0.103326           0.000000         0.011481 0.000000e+00 20.516629
0.378656         0.860760    0.378656        0.433894           0.000000         0.048210 0.000000e+00 22.686099
0.390061         1.213704    0.390061        0.741279           0.000000         0.082364 0.000000e+00 26.392494
0.353414         0.932544    0.353414        0.521217           0.000000         0.057913 0.000000e+00 28.998578
0.449252         1.302840    0.449252        0.768229           0.000000         0.085359 0.000000e+00 32.839724
0.614493         1.175904    0.614493        0.505270           0.000000         0.056141 0.000000e+00 35.366075
0.616782         0.901296    0.616782        0.256063           0.000000         0.028451 0.000000e+00 36.646388
0.523225         0.486000    0.486000        0.000000           0.037225         0.000000 0.000000e+00 36.439581
0.445769         0.107136    0.107136        0.000000           0.338633         0.000000 0.000000e+00 34.558286
0.448782         0.000000    0.000000        0.000000           0.448782         0.000000 0.000000e+00 32.065051
0.489251         0.000000    0.000000        0.000000           0.489251         0.000000 5.551115e-17 29.346990
0.496941         0.000000    0.000000        0.000000           0.496941         0.000000 0.000000e+00 26.586208
0.377353         0.000000    0.000000        0.000000           0.377353         0.000000 0.000000e+00 24.489805
0.366535         0.000000    0.000000        0.000000           0.366535         0.000000 0.000000e+00 22.453501
0.378912         0.000000    0.000000        0.000000           0.378912         0.000000 0.000000e+00 20.348436
0.433015         0.000000    0.000000        0.000000           0.062718         0.000000 3.702970e-01 20.000000
0.519368         0.000000    0.000000        0.000000           0.000000         0.000000 5.193685e-01 20.000000
0.540649         0.000000    0.000000        0.000000           0.000000         0.000000 5.406489e-01 20.000000
0.541760         0.000000    0.000000        0.000000           0.000000         0.000000 5.417598e-01 20.000000
0.502192         0.000000    0.000000        0.000000           0.000000         0.000000 5.021921e-01 20.000000
0.472378         0.000000    0.000000        0.000000           0.000000         0.000000 4.723776e-01 20.000000
0.436076         0.000000    0.000000        0.000000           0.000000         0.000000 4.360756e-01 20.000000
0.407662         0.012960    0.012960        0.000000           0.000000         0.000000 3.947015e-01 20.000000
0.391351         0.215136    0.215136        0.000000           0.000000         0.000000 1.762151e-01 20.000000
0.381778         0.514584    0.381778        0.119526           0.000000         0.013281 0.000000e+00 20.597629
0.378656         0.785160    0.378656        0.365854           0.000000         0.040650 0.000000e+00 22.426899
0.390061         1.005264    0.390061        0.553683           0.000000         0.061520 0.000000e+00 25.195314
0.353414         1.079280    0.353414        0.653279           0.000000         0.072587 0.000000e+00 28.461710
0.449252         1.354104    0.449252        0.814367           0.000000         0.090485 0.000000e+00 32.533544
0.614493         1.339704    0.614493        0.652690           0.000000         0.072521 0.000000e+00 35.796995
0.616782         1.072656    0.616782        0.410287           0.000000         0.045587 0.000000e+00 37.848428
0.523225         0.580104    0.523225        0.051191           0.000000         0.005688 0.000000e+00 38.104382
0.445769         0.129240    0.129240        0.000000           0.316529         0.000000 0.000000e+00 36.345887
0.448782         0.000000    0.000000        0.000000           0.448782         0.000000 0.000000e+00 33.852652
0.489251         0.000000    0.000000        0.000000           0.489251         0.000000 5.551115e-17 31.134591
0.496941         0.000000    0.000000        0.000000           0.496941         0.000000 0.000000e+00 28.373810
0.377353         0.000000    0.000000        0.000000           0.377353         0.000000 0.000000e+00 26.277406
0.366535         0.000000    0.000000        0.000000           0.366535         0.000000 0.000000e+00 24.241102
0.378912         0.000000    0.000000        0.000000           0.378912         0.000000 0.000000e+00 22.136037
0.433015         0.000000    0.000000        0.000000           0.384487         0.000000 4.852875e-02 20.000000
0.519368         0.000000    0.000000        0.000000           0.000000         0.000000 5.193685e-01 20.000000
0.540649         0.000000    0.000000        0.000000           0.000000         0.000000 5.406489e-01 20.000000
0.541760         0.000000    0.000000        0.000000           0.000000         0.000000 5.417598e-01 20.000000
0.502192         0.000000    0.000000        0.000000           0.000000         0.000000 5.021921e-01 20.000000
0.472378         0.000000    0.000000        0.000000           0.000000         0.000000 4.723776e-01 20.000000
0.436076         0.000000    0.000000        0.000000           0.000000         0.000000 4.360756e-01 20.000000
0.407662         0.019440    0.019440        0.000000           0.000000         0.000000 3.882215e-01 20.000000
0.391351         0.328176    0.328176        0.000000           0.000000         0.000000 6.317512e-02 20.000000
0.381778         0.835704    0.381778        0.408534           0.000000         0.045393 0.000000e+00 22.042669
0.378656         1.333800    0.378656        0.859630           0.000000         0.095514 0.000000e+00 26.340819
0.390061         1.699920    0.390061        1.178873           0.000000         0.130986 0.000000e+00 32.235186
0.353414         1.592496    0.353414        1.115174           0.000000         0.123908 0.000000e+00 37.811054
0.449252         1.991376    0.449252        1.387911           0.000000         0.154212 0.000000e+00 44.750612
0.614493         1.893744    0.614493        1.151326           0.000000         0.127925 0.000000e+00 50.507243
0.616782         1.330560    0.616782        0.642400           0.000000         0.071378 0.000000e+00 53.719244
0.523225         0.718704    0.523225        0.175931           0.000000         0.019548 0.000000e+00 54.598898
0.445769         0.167760    0.167760        0.000000           0.278009         0.000000 0.000000e+00 53.054403
0.448782         0.000000    0.000000        0.000000           0.448782         0.000000 0.000000e+00 50.561168
0.489251         0.000000    0.000000        0.000000           0.489251         0.000000 5.551115e-17 47.843107
0.496941         0.000000    0.000000        0.000000           0.496941         0.000000 0.000000e+00 45.082326
0.377353         0.000000    0.000000        0.000000           0.377353         0.000000 0.000000e+00 42.985922
0.366535         0.000000    0.000000        0.000000           0.366535         0.000000 0.000000e+00 40.949618
0.378912         0.000000    0.000000        0.000000           0.378912         0.000000 0.000000e+00 38.844553
0.433015         0.000000    0.000000        0.000000           0.433015         0.000000 0.000000e+00 36.438912
0.519368         0.000000    0.000000        0.000000           0.519368         0.000000 0.000000e+00 33.553531
0.540649         0.000000    0.000000        0.000000           0.540649         0.000000 0.000000e+00 30.549926
0.541760         0.000000    0.000000        0.000000           0.541760         0.000000 0.000000e+00 27.540150
0.502192         0.000000    0.000000        0.000000           0.502192         0.000000 0.000000e+00 24.750193
0.472378         0.000000    0.000000        0.000000           0.472378         0.000000 0.000000e+00 22.125874
0.769267         0.000000    0.000000        0.000000           0.382657         0.000000 3.866097e-01 20.000000
0.720384         0.017424    0.017424        0.000000           0.000000         0.000000 7.029598e-01 20.000000
0.677293         0.241776    0.241776        0.000000           0.000000         0.000000 4.355172e-01 20.000000
0.627193         0.671400    0.627193        0.039786           0.000000         0.004421 0.000000e+00 20.198930
0.580845         1.062864    0.580845        0.433817           0.000000         0.048202 0.000000e+00 22.368014
0.533226         1.457280    0.533226        0.831649           0.000000         0.092405 0.000000e+00 26.526258
0.441815         1.330200    0.441815        0.799546           0.000000         0.088838 0.000000e+00 30.523990
0.467631         1.183104    0.467631        0.643926           0.000000         0.071547 0.000000e+00 33.743620
0.601725         1.636920    0.601725        0.931675           0.000000         0.103519 0.000000e+00 38.401995
0.603615         1.219680    0.603615        0.554459           0.000000         0.061607 0.000000e+00 41.174289
0.621866         0.641016    0.621866        0.017235           0.000000         0.001915 0.000000e+00 41.260464
0.611495         0.128160    0.128160        0.000000           0.483335         0.000000 5.551115e-17 38.575270
0.570608         0.000000    0.000000        0.000000           0.570608         0.000000 0.000000e+00 35.405226
0.649796         0.000000    0.000000        0.000000           0.649796         0.000000 0.000000e+00 31.795251
0.680449         0.000000    0.000000        0.000000           0.680449         0.000000 0.000000e+00 28.014979
0.607406         0.000000    0.000000        0.000000           0.607406         0.000000 0.000000e+00 24.640503
0.586340         0.000000    0.000000        0.000000           0.586340         0.000000 0.000000e+00 21.383059
0.556011         0.000000    0.000000        0.000000           0.248951         0.000000 3.070607e-01 20.000000
0.577330         0.000000    0.000000        0.000000           0.000000         0.000000 5.773299e-01 20.000000
0.637190         0.000000    0.000000        0.000000           0.000000         0.000000 6.371900e-01 20.000000
0.707844         0.000000    0.000000        0.000000           0.000000         0.000000 7.078437e-01 20.000000
0.702983         0.000000    0.000000        0.000000           0.000000         0.000000 7.029831e-01 20.000000
0.732801         0.000000    0.000000        0.000000           0.000000         0.000000 7.328008e-01 20.000000
0.798780         0.000000    0.000000        0.000000           0.000000         0.000000 7.987797e-01 20.000000
1.124540         0.000000    0.000000        0.000000           0.000000         0.000000 1.124540e+00 20.000000
1.088579         0.013176    0.013176        0.000000           0.000000         0.000000 1.075403e+00 20.000000
1.049758         0.183240    0.183240        0.000000           0.000000         0.000000 8.665178e-01 20.000000
0.988667         0.422280    0.422280        0.000000           0.000000         0.000000 5.663870e-01 20.000000
0.884314         0.634896    0.634896        0.000000           0.000000         0.000000 2.494183e-01 20.000000
0.798486         0.803880    0.798486        0.004854           0.000000         0.000539 0.000000e+00 20.024271
0.649415         0.560016    0.560016        0.000000           0.004369         0.000000 8.503023e-02 20.000000
0.652374         0.760320    0.652374        0.097151           0.000000         0.010795 0.000000e+00 20.485755
0.700926         0.734616    0.700926        0.030321           0.000000         0.003369 0.000000e+00 20.637360
0.722711         0.558720    0.558720        0.000000           0.114725         0.000000 4.926581e-02 20.000000
0.787884         0.337824    0.337824        0.000000           0.000000         0.000000 4.500601e-01 20.000000
0.877796         0.067680    0.067680        0.000000           0.000000         0.000000 8.101162e-01 20.000000
0.798295         0.000000    0.000000        0.000000           0.000000         0.000000 7.982953e-01 20.000000
0.778239         0.000000    0.000000        0.000000           0.000000         0.000000 7.782388e-01 20.000000
0.908892         0.000000    0.000000        0.000000           0.000000         0.000000 9.088917e-01 20.000000
0.946496         0.000000    0.000000        0.000000           0.000000         0.000000 9.464957e-01 20.000000
0.864532         0.000000    0.000000        0.000000           0.000000         0.000000 8.645322e-01 20.000000
0.823050         0.000000    0.000000        0.000000           0.000000         0.000000 8.230502e-01 20.000000
0.783049         0.000000    0.000000        0.000000           0.000000         0.000000 7.830492e-01 20.000000
0.819288         0.000000    0.000000        0.000000           0.000000         0.000000 8.192881e-01 20.000000
0.886919         0.000000    0.000000        0.000000           0.000000         0.000000 8.869188e-01 20.000000
0.946299         0.000000    0.000000        0.000000           0.000000         0.000000 9.462991e-01 20.000000
1.035546         0.000000    0.000000        0.000000           0.000000         0.000000 1.035546e+00 20.000000
1.184320         0.000000    0.000000        0.000000           0.000000         0.000000 1.184320e+00 20.000000
0.932168         0.000000    0.000000        0.000000           0.000000         0.000000 9.321676e-01 20.000000
0.898561         0.013176    0.013176        0.000000           0.000000         0.000000 8.853845e-01 20.000000
0.853504         0.220464    0.220464        0.000000           0.000000         0.000000 6.330398e-01 20.000000
0.803157         0.496584    0.496584        0.000000           0.000000         0.000000 3.065726e-01 20.000000
0.747802         0.860760    0.747802        0.101662           0.000000         0.011296 0.000000e+00 20.508312
0.651295         1.213704    0.651295        0.506168           0.000000         0.056241 0.000000e+00 23.039151
0.505325         0.932544    0.505325        0.384497           0.000000         0.042722 0.000000e+00 24.961636
0.542061         1.302840    0.542061        0.684701           0.000000         0.076078 0.000000e+00 28.385144
0.681078         1.175904    0.681078        0.445344           0.000000         0.049483 0.000000e+00 30.611863
0.681548         0.901296    0.681548        0.197773           0.000000         0.021975 0.000000e+00 31.600727
0.698067         0.486000    0.486000        0.000000           0.212067         0.000000 0.000000e+00 30.422580
0.752757         0.107136    0.107136        0.000000           0.645621         0.000000 0.000000e+00 26.835796
0.729596         0.000000    0.000000        0.000000           0.729596         0.000000 0.000000e+00 22.782486
0.744875         0.000000    0.000000        0.000000           0.500847         0.000000 2.440270e-01 20.000000
0.784272         0.000000    0.000000        0.000000           0.000000         0.000000 7.842719e-01 20.000000
0.818178         0.000000    0.000000        0.000000           0.000000         0.000000 8.181777e-01 20.000000
0.786928         0.000000    0.000000        0.000000           0.000000         0.000000 7.869283e-01 20.000000
0.721321         0.000000    0.000000        0.000000           0.000000         0.000000 7.213211e-01 20.000000
0.653051         0.000000    0.000000        0.000000           0.000000         0.000000 6.530509e-01 20.000000
0.706071         0.000000    0.000000        0.000000           0.000000         0.000000 7.060713e-01 20.000000
0.799053         0.000000    0.000000        0.000000           0.000000         0.000000 7.990531e-01 20.000000
0.820883         0.000000    0.000000        0.000000           0.000000         0.000000 8.208830e-01 20.000000
0.858706         0.000000    0.000000        0.000000           0.000000         0.000000 8.587056e-01 20.000000
0.948738         0.000000    0.000000        0.000000           0.000000         0.000000 9.487379e-01 20.000000
0.932168         0.000000    0.000000        0.000000           0.000000         0.000000 9.321676e-01 20.000000
0.898561         0.012960    0.012960        0.000000           0.000000         0.000000 8.856005e-01 20.000000
0.853504         0.215136    0.215136        0.000000           0.000000         0.000000 6.383678e-01 20.000000
0.803157         0.514584    0.514584        0.000000           0.000000         0.000000 2.885726e-01 20.000000
0.747802         0.785160    0.747802        0.033622           0.000000         0.003736 0.000000e+00 20.168112
0.651295         1.005264    0.651295        0.318572           0.000000         0.035397 0.000000e+00 21.760971
0.505325         1.079280    0.505325        0.516559           0.000000         0.057395 0.000000e+00 24.343768
0.542061         1.354104    0.542061        0.730839           0.000000         0.081204 0.000000e+00 27.997964
0.681078         1.339704    0.681078        0.592764           0.000000         0.065863 0.000000e+00 30.961783
0.681548         1.072656    0.681548        0.351997           0.000000         0.039111 0.000000e+00 32.721767
0.698067         0.580104    0.580104        0.000000           0.117963         0.000000 0.000000e+00 32.066420
0.752757         0.129240    0.129240        0.000000           0.623517         0.000000 0.000000e+00 28.602436
0.729596         0.000000    0.000000        0.000000           0.729596         0.000000 0.000000e+00 24.549126
0.744875         0.000000    0.000000        0.000000           0.744875         0.000000 0.000000e+00 20.410934
0.784272         0.000000    0.000000        0.000000           0.073968         0.000000 7.103037e-01 20.000000
0.818178         0.000000    0.000000        0.000000           0.000000         0.000000 8.181777e-01 20.000000
0.786928         0.000000    0.000000        0.000000           0.000000         0.000000 7.869283e-01 20.000000
0.721321         0.000000    0.000000        0.000000           0.000000         0.000000 7.213211e-01 20.000000
0.653051         0.000000    0.000000        0.000000           0.000000         0.000000 6.530509e-01 20.000000
0.706071         0.000000    0.000000        0.000000           0.000000         0.000000 7.060713e-01 20.000000
0.799053         0.000000    0.000000        0.000000           0.000000         0.000000 7.990531e-01 20.000000
0.820883         0.000000    0.000000        0.000000           0.000000         0.000000 8.208830e-01 20.000000
0.858706         0.000000    0.000000        0.000000           0.000000         0.000000 8.587056e-01 20.000000
0.948738         0.000000    0.000000        0.000000           0.000000         0.000000 9.487379e-01 20.000000
0.769267         0.000000    0.000000        0.000000           0.000000         0.000000 7.692669e-01 20.000000
0.720384         0.019440    0.019440        0.000000           0.000000         0.000000 7.009438e-01 20.000000
0.677293         0.328176    0.328176        0.000000           0.000000         0.000000 3.491172e-01 20.000000
0.627193         0.835704    0.627193        0.187660           0.000000         0.020851 0.000000e+00 20.938298
0.580845         1.333800    0.580845        0.677659           0.000000         0.075295 0.000000e+00 24.326594
0.533226         1.699920    0.533226        1.050025           0.000000         0.116669 0.000000e+00 29.576718
0.441815         1.592496    0.441815        1.035613           0.000000         0.115068 0.000000e+00 34.754782
0.467631         1.991376    0.467631        1.371371           0.000000         0.152375 0.000000e+00 41.611636
0.601725         1.893744    0.601725        1.162817           0.000000         0.129202 0.000000e+00 47.425719
0.603615         1.330560    0.603615        0.654251           0.000000         0.072695 0.000000e+00 50.696973
0.621866         0.718704    0.621866        0.087154           0.000000         0.009684 0.000000e+00 51.132744
0.611495         0.167760    0.167760        0.000000           0.443735         0.000000 0.000000e+00 48.667550
0.570608         0.000000    0.000000        0.000000           0.570608         0.000000 0.000000e+00 45.497506
0.649796         0.000000    0.000000        0.000000           0.649796         0.000000 0.000000e+00 41.887531
0.680449         0.000000    0.000000        0.000000           0.680449         0.000000 0.000000e+00 38.107259
0.607406         0.000000    0.000000        0.000000           0.607406         0.000000 0.000000e+00 34.732783
0.586340         0.000000    0.000000        0.000000           0.586340         0.000000 0.000000e+00 31.475339
0.556011         0.000000    0.000000        0.000000           0.556011         0.000000 0.000000e+00 28.386387
0.577330         0.000000    0.000000        0.000000           0.577330         0.000000 0.000000e+00 25.178999
0.637190         0.000000    0.000000        0.000000           0.637190         0.000000 0.000000e+00 21.639054
0.707844         0.000000    0.000000        0.000000           0.295030         0.000000 4.128140e-01 20.000000
0.702983         0.000000    0.000000        0.000000           0.000000         0.000000 7.029831e-01 20.000000
0.732801         0.000000    0.000000        0.000000           0.000000         0.000000 7.328008e-01 20.000000
0.798780         0.000000    0.000000        0.000000           0.000000         0.000000 7.987797e-01 20.000000
0.769267         0.000000    0.000000        0.000000           0.000000         0.000000 7.692669e-01 20.000000
0.720384         0.017424    0.017424        0.000000           0.000000         0.000000 7.029598e-01 20.000000
0.677293         0.241776    0.241776        0.000000           0.000000         0.000000 4.355172e-01 20.000000
0.627193         0.671400    0.627193        0.039786           0.000000         0.004421 0.000000e+00 20.198930
0.580845         1.062864    0.580845        0.433817           0.000000         0.048202 0.000000e+00 22.368014
0.533226         1.457280    0.533226        0.831649           0.000000         0.092405 0.000000e+00 26.526258
0.441815         1.330200    0.441815        0.799546           0.000000         0.088838 0.000000e+00 30.523990
0.467631         1.183104    0.467631        0.643926           0.000000         0.071547 0.000000e+00 33.743620
0.601725         1.636920    0.601725        0.931675           0.000000         0.103519 0.000000e+00 38.401995
0.603615         1.219680    0.603615        0.554459           0.000000         0.061607 0.000000e+00 41.174289
0.621866         0.641016    0.621866        0.017235           0.000000         0.001915 0.000000e+00 41.260464
0.611495         0.128160    0.128160        0.000000           0.483335         0.000000 5.551115e-17 38.575270
0.570608         0.000000    0.000000        0.000000           0.570608         0.000000 0.000000e+00 35.405226
0.649796         0.000000    0.000000        0.000000           0.649796         0.000000 0.000000e+00 31.795251
0.680449         0.000000    0.000000        0.000000           0.680449         0.000000 0.000000e+00 28.014979
0.607406         0.000000    0.000000        0.000000           0.607406         0.000000 0.000000e+00 24.640503
0.586340         0.000000    0.000000        0.000000           0.586340         0.000000 0.000000e+00 21.383059
0.556011         0.000000    0.000000        0.000000           0.248951         0.000000 3.070607e-01 20.000000
0.577330         0.000000    0.000000        0.000000           0.000000         0.000000 5.773299e-01 20.000000
0.637190         0.000000    0.000000        0.000000           0.000000         0.000000 6.371900e-01 20.000000
0.707844         0.000000    0.000000        0.000000           0.000000         0.000000 7.078437e-01 20.000000
0.702983         0.000000    0.000000        0.000000           0.000000         0.000000 7.029831e-01 20.000000
0.732801         0.000000    0.000000        0.000000           0.000000         0.000000 7.328008e-01 20.000000
0.798780         0.000000    0.000000        0.000000           0.000000         0.000000 7.987797e-01 20.000000
0.769267         0.000000    0.000000        0.000000           0.000000         0.000000 7.692669e-01 20.000000
0.720384         0.013176    0.013176        0.000000           0.000000         0.000000 7.072078e-01 20.000000
0.677293         0.183240    0.183240        0.000000           0.000000         0.000000 4.940532e-01 20.000000
0.627193         0.422280    0.422280        0.000000           0.000000         0.000000 2.049133e-01 20.000000
0.580845         0.634896    0.580845        0.048646           0.000000         0.005405 0.000000e+00 20.243228
0.533226         0.803880    0.533226        0.243589           0.000000         0.027065 0.000000e+00 21.461171
0.441815         0.560016    0.441815        0.106381           0.000000         0.011820 0.000000e+00 21.993075
0.467631         0.760320    0.467631        0.263420           0.000000         0.029269 0.000000e+00 23.310177
0.601725         0.734616    0.601725        0.119602           0.000000         0.013289 0.000000e+00 23.908185
0.603615         0.558720    0.558720        0.000000           0.044895         0.000000 0.000000e+00 23.658769
0.621866         0.337824    0.337824        0.000000           0.284042         0.000000 0.000000e+00 22.080758
0.611495         0.067680    0.067680        0.000000           0.374537         0.000000 1.692783e-01 20.000000
0.570608         0.000000    0.000000        0.000000           0.000000         0.000000 5.706080e-01 20.000000
0.649796         0.000000    0.000000        0.000000           0.000000         0.000000 6.497956e-01 20.000000
0.680449         0.000000    0.000000        0.000000           0.000000         0.000000 6.804490e-01 20.000000
0.607406         0.000000    0.000000        0.000000           0.000000         0.000000 6.074057e-01 20.000000
0.586340         0.000000    0.000000        0.000000           0.000000         0.000000 5.863398e-01 20.000000
0.556011         0.000000    0.000000        0.000000           0.000000         0.000000 5.560113e-01 20.000000
0.577330         0.000000    0.000000        0.000000           0.000000         0.000000 5.773299e-01 20.000000
0.637190         0.000000    0.000000        0.000000           0.000000         0.000000 6.371900e-01 20.000000
0.707844         0.000000    0.000000        0.000000           0.000000         0.000000 7.078437e-01 20.000000
0.702983         0.000000    0.000000        0.000000           0.000000         0.000000 7.029831e-01 20.000000
0.732801         0.000000    0.000000        0.000000           0.000000         0.000000 7.328008e-01 20.000000
0.798780         0.000000    0.000000        0.000000           0.000000         0.000000 7.987797e-01 20.000000
0.769267         0.000000    0.000000        0.000000           0.000000         0.000000 7.692669e-01 20.000000
0.720384         0.013176    0.013176        0.000000           0.000000         0.000000 7.072078e-01 20.000000
0.677293         0.220464    0.220464        0.000000           0.000000         0.000000 4.568292e-01 20.000000
0.627193         0.496584    0.496584        0.000000           0.000000         0.000000 1.306093e-01 20.000000
0.580845         0.860760    0.580845        0.251923           0.000000         0.027991 0.000000e+00 21.259616
0.533226         1.213704    0.533226        0.612430           0.000000         0.068048 0.000000e+00 24.321767
0.441815         0.932544    0.441815        0.441656           0.000000         0.049073 0.000000e+00 26.530047
0.467631         1.302840    0.467631        0.751688           0.000000         0.083521 0.000000e+00 30.288489
0.601725         1.175904    0.601725        0.516761           0.000000         0.057418 0.000000e+00 32.872293
0.603615         0.901296    0.603615        0.267913           0.000000         0.029768 0.000000e+00 34.211858
0.621866         0.486000    0.486000        0.000000           0.135866         0.000000 0.000000e+00 33.457047
0.611495         0.107136    0.107136        0.000000           0.504359         0.000000 0.000000e+00 30.655054
0.570608         0.000000    0.000000        0.000000           0.570608         0.000000 0.000000e+00 27.485010
0.649796         0.000000    0.000000        0.000000           0.649796         0.000000 0.000000e+00 23.875035
0.680449         0.000000    0.000000        0.000000           0.680449         0.000000 0.000000e+00 20.094762
0.607406         0.000000    0.000000        0.000000           0.017057         0.000000 5.903485e-01 20.000000
0.586340         0.000000    0.000000        0.000000           0.000000         0.000000 5.863398e-01 20.000000
0.556011         0.000000    0.000000        0.000000           0.000000         0.000000 5.560113e-01 20.000000
0.577330         0.000000    0.000000        0.000000           0.000000         0.000000 5.773299e-01 20.000000
0.637190         0.000000    0.000000        0.000000           0.000000         0.000000 6.371900e-01 20.000000
0.707844         0.000000    0.000000        0.000000           0.000000         0.000000 7.078437e-01 20.000000
0.702983         0.000000    0.000000        0.000000           0.000000         0.000000 7.029831e-01 20.000000
0.732801         0.000000    0.000000        0.000000           0.000000         0.000000 7.328008e-01 20.000000
0.798780         0.000000    0.000000        0.000000           0.000000         0.000000 7.987797e-01 20.000000
0.769267         0.000000    0.000000        0.000000           0.000000         0.000000 7.692669e-01 20.000000
0.720384         0.012960    0.012960        0.000000           0.000000         0.000000 7.074238e-01 20.000000
0.677293         0.215136    0.215136        0.000000           0.000000         0.000000 4.621572e-01 20.000000
0.627193         0.514584    0.514584        0.000000           0.000000         0.000000 1.126093e-01 20.000000
0.580845         0.785160    0.580845        0.183883           0.000000         0.020431 0.000000e+00 20.919416
0.533226         1.005264    0.533226        0.424834           0.000000         0.047204 0.000000e+00 23.043587
0.441815         1.079280    0.441815        0.573718           0.000000         0.063746 0.000000e+00 25.912179
0.467631         1.354104    0.467631        0.797826           0.000000         0.088647 0.000000e+00 29.901309
0.601725         1.339704    0.601725        0.664181           0.000000         0.073798 0.000000e+00 33.222213
0.603615         1.072656    0.603615        0.422137           0.000000         0.046904 0.000000e+00 35.332898
0.621866         0.580104    0.580104        0.000000           0.041762         0.000000 0.000000e+00 35.100887
0.611495         0.129240    0.129240        0.000000           0.482255         0.000000 0.000000e+00 32.421694
0.570608         0.000000    0.000000        0.000000           0.570608         0.000000 0.000000e+00 29.251650
0.649796         0.000000    0.000000        0.000000           0.649796         0.000000 0.000000e+00 25.641675
0.680449         0.000000    0.000000        0.000000           0.680449         0.000000 0.000000e+00 21.861402
0.607406         0.000000    0.000000        0.000000           0.335052         0.000000 2.723533e-01 20.000000
0.586340         0.000000    0.000000        0.000000           0.000000         0.000000 5.863398e-01 20.000000
0.556011         0.000000    0.000000        0.000000           0.000000         0.000000 5.560113e-01 20.000000
0.577330         0.000000    0.000000        0.000000           0.000000         0.000000 5.773299e-01 20.000000
0.637190         0.000000    0.000000        0.000000           0.000000         0.000000 6.371900e-01 20.000000
0.707844         0.000000    0.000000        0.000000           0.000000         0.000000 7.078437e-01 20.000000
0.702983         0.000000    0.000000        0.000000           0.000000         0.000000 7.029831e-01 20.000000
0.732801         0.000000    0.000000        0.000000           0.000000         0.000000 7.328008e-01 20.000000
0.798780         0.000000    0.000000        0.000000           0.000000         0.000000 7.987797e-01 20.000000
0.932168         0.000000    0.000000        0.000000           0.000000         0.000000 9.321676e-01 20.000000
0.898561         0.019440    0.019440        0.000000           0.000000         0.000000 8.791205e-01 20.000000
0.853504         0.328176    0.328176        0.000000           0.000000         0.000000 5.253278e-01 20.000000
0.803157         0.835704    0.803157        0.029293           0.000000         0.003255 0.000000e+00 20.146463
0.747802         1.333800    0.747802        0.527398           0.000000         0.058600 0.000000e+00 22.783455
0.651295         1.699920    0.651295        0.943762           0.000000         0.104862 0.000000e+00 27.502267
0.505325         1.592496    0.505325        0.978454           0.000000         0.108717 0.000000e+00 32.394536
0.542061         1.991376    0.542061        1.304384           0.000000         0.144932 0.000000e+00 38.916455
0.681078         1.893744    0.681078        1.091400           0.000000         0.121267 0.000000e+00 44.373454
0.681548         1.330560    0.681548        0.584110           0.000000         0.064901 0.000000e+00 47.294006
0.698067         0.718704    0.698067        0.018574           0.000000         0.002064 0.000000e+00 47.386875
0.752757         0.167760    0.167760        0.000000           0.584997         0.000000 0.000000e+00 44.136891
0.729596         0.000000    0.000000        0.000000           0.729596         0.000000 0.000000e+00 40.083581
0.744875         0.000000    0.000000        0.000000           0.744875         0.000000 0.000000e+00 35.945390
0.784272         0.000000    0.000000        0.000000           0.784272         0.000000 0.000000e+00 31.588324
0.818178         0.000000    0.000000        0.000000           0.818178         0.000000 0.000000e+00 27.042892
0.786928         0.000000    0.000000        0.000000           0.786928         0.000000 0.000000e+00 22.671068
0.721321         0.000000    0.000000        0.000000           0.480792         0.000000 2.405289e-01 20.000000
0.653051         0.000000    0.000000        0.000000           0.000000         0.000000 6.530509e-01 20.000000
0.706071         0.000000    0.000000        0.000000           0.000000         0.000000 7.060713e-01 20.000000
0.799053         0.000000    0.000000        0.000000           0.000000         0.000000 7.990531e-01 20.000000
0.820883         0.000000    0.000000        0.000000           0.000000         0.000000 8.208830e-01 20.000000
0.858706         0.000000    0.000000        0.000000           0.000000         0.000000 8.587056e-01 20.000000
0.948738         0.000000    0.000000        0.000000           0.000000         0.000000 9.487379e-01 20.000000
0.932168         0.000000    0.000000        0.000000           0.000000         0.000000 9.321676e-01 20.000000
0.898561         0.017424    0.017424        0.000000           0.000000         0.000000 8.811365e-01 20.000000
0.853504         0.241776    0.241776        0.000000           0.000000         0.000000 6.117278e-01 20.000000
0.803157         0.671400    0.671400        0.000000           0.000000         0.000000 1.317566e-01 20.000000
0.747802         1.062864    0.747802        0.283556           0.000000         0.031506 0.000000e+00 21.417780
0.651295         1.457280    0.651295        0.725386           0.000000         0.080598 0.000000e+00 25.044711
0.505325         1.330200    0.505325        0.742387           0.000000         0.082487 0.000000e+00 28.756648
0.542061         1.183104    0.542061        0.576939           0.000000         0.064104 0.000000e+00 31.641344
0.681078         1.636920    0.681078        0.860258           0.000000         0.095584 0.000000e+00 35.942635
0.681548         1.219680    0.681548        0.484318           0.000000         0.053813 0.000000e+00 38.364227
0.698067         0.641016    0.641016        0.000000           0.057051         0.000000 0.000000e+00 38.047280
0.752757         0.128160    0.128160        0.000000           0.624597         0.000000 0.000000e+00 34.577296
0.729596         0.000000    0.000000        0.000000           0.729596         0.000000 0.000000e+00 30.523986
0.744875         0.000000    0.000000        0.000000           0.744875         0.000000 0.000000e+00 26.385794
0.784272         0.000000    0.000000        0.000000           0.784272         0.000000 0.000000e+00 22.028728
0.818178         0.000000    0.000000        0.000000           0.365171         0.000000 4.530066e-01 20.000000
0.786928         0.000000    0.000000        0.000000           0.000000         0.000000 7.869283e-01 20.000000
0.721321         0.000000    0.000000        0.000000           0.000000         0.000000 7.213211e-01 20.000000
0.653051         0.000000    0.000000        0.000000           0.000000         0.000000 6.530509e-01 20.000000
0.706071         0.000000    0.000000        0.000000           0.000000         0.000000 7.060713e-01 20.000000
0.799053         0.000000    0.000000        0.000000           0.000000         0.000000 7.990531e-01 20.000000
0.820883         0.000000    0.000000        0.000000           0.000000         0.000000 8.208830e-01 20.000000
0.858706         0.000000    0.000000        0.000000           0.000000         0.000000 8.587056e-01 20.000000
0.948738         0.000000    0.000000        0.000000           0.000000         0.000000 9.487379e-01 20.000000
0.932168         0.000000    0.000000        0.000000           0.000000         0.000000 9.321676e-01 20.000000
0.898561         0.013176    0.013176        0.000000           0.000000         0.000000 8.853845e-01 20.000000
0.853504         0.183240    0.183240        0.000000           0.000000         0.000000 6.702638e-01 20.000000
0.803157         0.422280    0.422280        0.000000           0.000000         0.000000 3.808766e-01 20.000000
0.747802         0.634896    0.634896        0.000000           0.000000         0.000000 1.129059e-01 20.000000
0.651295         0.803880    0.651295        0.137326           0.000000         0.015258 0.000000e+00 20.686632
0.505325         0.560016    0.505325        0.049222           0.000000         0.005469 0.000000e+00 20.932741
0.542061         0.760320    0.542061        0.196433           0.000000         0.021826 0.000000e+00 21.914908
0.681078         0.734616    0.681078        0.048185           0.000000         0.005354 0.000000e+00 22.155831
0.681548         0.558720    0.558720        0.000000           0.122828         0.000000 0.000000e+00 21.473451
0.698067         0.337824    0.337824        0.000000           0.265221         0.000000 9.502131e-02 20.000000
0.752757         0.067680    0.067680        0.000000           0.000000         0.000000 6.850771e-01 20.000000
0.729596         0.000000    0.000000        0.000000           0.000000         0.000000 7.295958e-01 20.000000
0.744875         0.000000    0.000000        0.000000           0.000000         0.000000 7.448745e-01 20.000000
0.784272         0.000000    0.000000        0.000000           0.000000         0.000000 7.842719e-01 20.000000
0.818178         0.000000    0.000000        0.000000           0.000000         0.000000 8.181777e-01 20.000000
0.786928         0.000000    0.000000        0.000000           0.000000         0.000000 7.869283e-01 20.000000
0.721321         0.000000    0.000000        0.000000           0.000000         0.000000 7.213211e-01 20.000000
0.653051         0.000000    0.000000        0.000000           0.000000         0.000000 6.530509e-01 20.000000
0.706071         0.000000    0.000000        0.000000           0.000000         0.000000 7.060713e-01 20.000000
0.799053         0.000000    0.000000        0.000000           0.000000         0.000000 7.990531e-01 20.000000
0.820883         0.000000    0.000000        0.000000           0.000000         0.000000 8.208830e-01 20.000000
0.858706         0.000000    0.000000        0.000000           0.000000         0.000000 8.587056e-01 20.000000
0.948738         0.000000    0.000000        0.000000           0.000000         0.000000 9.487379e-01 20.000000
1.124540         0.000000    0.000000        0.000000           0.000000         0.000000 1.124540e+00 20.000000
1.088579         0.013176    0.013176        0.000000           0.000000         0.000000 1.075403e+00 20.000000
1.049758         0.220464    0.220464        0.000000           0.000000         0.000000 8.292938e-01 20.000000
0.988667         0.496584    0.496584        0.000000           0.000000         0.000000 4.920830e-01 20.000000
0.884314         0.860760    0.860760        0.000000           0.000000         0.000000 2.355427e-02 20.000000
0.798486         1.213704    0.798486        0.373696           0.000000         0.041522 0.000000e+00 21.868479
0.649415         0.932544    0.649415        0.254816           0.000000         0.028313 0.000000e+00 23.142560
0.652374         1.302840    0.652374        0.585419           0.000000         0.065047 0.000000e+00 26.069654
0.700926         1.175904    0.700926        0.427480           0.000000         0.047498 0.000000e+00 28.207055
0.722711         0.901296    0.722711        0.160727           0.000000         0.017859 0.000000e+00 29.010690
0.787884         0.486000    0.486000        0.000000           0.301884         0.000000 0.000000e+00 27.333556
0.877796         0.107136    0.107136        0.000000           0.770660         0.000000 0.000000e+00 23.052110
0.798295         0.000000    0.000000        0.000000           0.549380         0.000000 2.489155e-01 20.000000
0.778239         0.000000    0.000000        0.000000           0.000000         0.000000 7.782388e-01 20.000000
0.908892         0.000000    0.000000        0.000000           0.000000         0.000000 9.088917e-01 20.000000
0.946496         0.000000    0.000000        0.000000           0.000000         0.000000 9.464957e-01 20.000000
0.864532         0.000000    0.000000        0.000000           0.000000         0.000000 8.645322e-01 20.000000
0.823050         0.000000    0.000000        0.000000           0.000000         0.000000 8.230502e-01 20.000000
0.783049         0.000000    0.000000        0.000000           0.000000         0.000000 7.830492e-01 20.000000
0.819288         0.000000    0.000000        0.000000           0.000000         0.000000 8.192881e-01 20.000000
0.886919         0.000000    0.000000        0.000000           0.000000         0.000000 8.869188e-01 20.000000
0.946299         0.000000    0.000000        0.000000           0.000000         0.000000 9.462991e-01 20.000000
1.035546         0.000000    0.000000        0.000000           0.000000         0.000000 1.035546e+00 20.000000
1.184320         0.000000    0.000000        0.000000           0.000000         0.000000 1.184320e+00 20.000000
1.124540         0.000000    0.000000        0.000000           0.000000         0.000000 1.124540e+00 20.000000
1.088579         0.012960    0.012960        0.000000           0.000000         0.000000 1.075619e+00 20.000000
1.049758         0.215136    0.215136        0.000000           0.000000         0.000000 8.346218e-01 20.000000
0.988667         0.514584    0.514584        0.000000           0.000000         0.000000 4.740830e-01 20.000000
0.884314         0.785160    0.785160        0.000000           0.000000         0.000000 9.915427e-02 20.000000
0.798486         1.005264    0.798486        0.186100           0.000000         0.020678 0.000000e+00 20.930499
0.649415         1.079280    0.649415        0.386878           0.000000         0.042986 0.000000e+00 22.864892
0.652374         1.354104    0.652374        0.631557           0.000000         0.070173 0.000000e+00 26.022674
0.700926         1.339704    0.700926        0.574900           0.000000         0.063878 0.000000e+00 28.897175
0.722711         1.072656    0.722711        0.314951           0.000000         0.034995 0.000000e+00 30.471930
0.787884         0.580104    0.580104        0.000000           0.207780         0.000000 0.000000e+00 29.317596
0.877796         0.129240    0.129240        0.000000           0.748556         0.000000 0.000000e+00 25.158950
0.798295         0.000000    0.000000        0.000000           0.798295         0.000000 0.000000e+00 20.723976
0.778239         0.000000    0.000000        0.000000           0.130316         0.000000 6.479231e-01 20.000000
0.908892         0.000000    0.000000        0.000000           0.000000         0.000000 9.088917e-01 20.000000
0.946496         0.000000    0.000000        0.000000           0.000000         0.000000 9.464957e-01 20.000000
0.864532         0.000000    0.000000        0.000000           0.000000         0.000000 8.645322e-01 20.000000
0.823050         0.000000    0.000000        0.000000           0.000000         0.000000 8.230502e-01 20.000000
0.783049         0.000000    0.000000        0.000000           0.000000         0.000000 7.830492e-01 20.000000
0.819288         0.000000    0.000000        0.000000           0.000000         0.000000 8.192881e-01 20.000000
0.886919         0.000000    0.000000        0.000000           0.000000         0.000000 8.869188e-01 20.000000
0.946299         0.000000    0.000000        0.000000           0.000000         0.000000 9.462991e-01 20.000000
1.035546         0.000000    0.000000        0.000000           0.000000         0.000000 1.035546e+00 20.000000
1.184320         0.000000    0.000000        0.000000           0.000000         0.000000 1.184320e+00 20.000000
0.932168         0.000000    0.000000        0.000000           0.000000         0.000000 9.321676e-01 20.000000
0.898561         0.019440    0.019440        0.000000           0.000000         0.000000 8.791205e-01 20.000000
0.853504         0.328176    0.328176        0.000000           0.000000         0.000000 5.253278e-01 20.000000
0.803157         0.835704    0.803157        0.029293           0.000000         0.003255 0.000000e+00 20.146463
0.747802         1.333800    0.747802        0.527398           0.000000         0.058600 0.000000e+00 22.783455
0.651295         1.699920    0.651295        0.943762           0.000000         0.104862 0.000000e+00 27.502267
0.505325         1.592496    0.505325        0.978454           0.000000         0.108717 0.000000e+00 32.394536
0.542061         1.991376    0.542061        1.304384           0.000000         0.144932 0.000000e+00 38.916455
0.681078         1.893744    0.681078        1.091400           0.000000         0.121267 0.000000e+00 44.373454
0.681548         1.330560    0.681548        0.584110           0.000000         0.064901 0.000000e+00 47.294006
0.698067         0.718704    0.698067        0.018574           0.000000         0.002064 0.000000e+00 47.386875
0.752757         0.167760    0.167760        0.000000           0.584997         0.000000 0.000000e+00 44.136891
0.729596         0.000000    0.000000        0.000000           0.729596         0.000000 0.000000e+00 40.083581
0.744875         0.000000    0.000000        0.000000           0.744875         0.000000 0.000000e+00 35.945390
0.784272         0.000000    0.000000        0.000000           0.784272         0.000000 0.000000e+00 31.588324
0.818178         0.000000    0.000000        0.000000           0.818178         0.000000 0.000000e+00 27.042892
0.786928         0.000000    0.000000        0.000000           0.786928         0.000000 0.000000e+00 22.671068
0.721321         0.000000    0.000000        0.000000           0.480792         0.000000 2.405289e-01 20.000000
0.653051         0.000000    0.000000        0.000000           0.000000         0.000000 6.530509e-01 20.000000
0.706071         0.000000    0.000000        0.000000           0.000000         0.000000 7.060713e-01 20.000000
0.799053         0.000000    0.000000        0.000000           0.000000         0.000000 7.990531e-01 20.000000
0.820883         0.000000    0.000000        0.000000           0.000000         0.000000 8.208830e-01 20.000000
0.858706         0.000000    0.000000        0.000000           0.000000         0.000000 8.587056e-01 20.000000
0.948738         0.000000    0.000000        0.000000           0.000000         0.000000 9.487379e-01 20.000000

===== SUMMARY METRICS =====
Total Load: 500.0
Grid Used: 260.23
Solar Used: 149.58
Battery Discharge: 90.19
Solar Curtailed: 10.47
Average SoC (%): 25.06
Grid Dependency (%): 52.05
